1 3 4 5 9
15 17 19 22 23
25 26 29 30 33
35 39 41 44 45
49 50 54 55 62
64 70 73 75 76
84 87 94 96 100
105 111 114 115 118
124 132 133 136 137
142 143 147 155 160
161 165 166 172 173
174 177 184 186 192
194 205 208 219 226
231 234 236 237 241
249 251 254 256 258
264 266 273 281 289
311 312 323 325 330
332 335 336 337 338
340 344 346 352 354
355 356 360 370 374
377 380 386 387 397
398 403 409 410 413
415 417 418 419 422
425 426 427 432 433
442 444 445 446 454
455 463 468 469 473
474 479 481 487 489
490 492 493 502 507
508 514 516 517 519
521 523 524 532 533
541 543 547 551 554
566 572 574 576 578
582 585 587 590 597
601 617 621 624 625
626 627 630 632 642
648 651 652 662 666
669 670 674 678 684
694 702 710 712 713
715 719 727 728 747
748 751 752 762 763
764 767 771 774 775
776 781 782 783 790
795 800 801 813 814
816 819 825 832 833
835 836 844 845 847
849 850 852 853 855
864 865 876 890 891
893 899 907 910 912
914 917 921 923 925
934 954 956 957 963
965 970 976 981 984
985 988 989 990 991
992 993 994 999 1004
1005 1010 1011 1016 1017
1022 1024 1027 1033 1039
1041 1043 1048 1049 1050
1055 1057 1059 1064 1069
1070 1078 1083 1086 1093
1098 1101 1110 1111 1112
1114 1118 1122 1123 1126
1133 1137 1142 1143 1146
1147 1150 1152 1157 1160
1163 1164 1174 1178 1179
1184 1188 1191 1197 1198
1199 1202 1203 1206 1209
1210 1211 1216 1218 1220
1222 1225 1237 1242 1244
1249 1255 1256 1257 1258
1261 1267 1269 1270 1272
1277 1280 1281 1289 1290
1293 1294 1296 1300 1312
1315 1321 1322 1325 1341
1344 1347 1350 1351 1353
1356 1361 1363 1364 1368
1369 1374 1380 1386 1388
1389 1390 1396 1403 1404
1406 1410 1411 1414 1421
1423 1431 1439 1440 1445
1447 1450 1452 1453 1455
1456 1457 1458 1466 1467
1477 1483 1484 1485 1489
1492 1497 1509 1515 1525
1526 1531 1544 1550 1557
1558 1559 1563 1570 1576
1579 1584 1587 1595 1596
1601 1603 1604 1607 1609
1612 1617 1620 1621 1622
1631 1634 1638 1640 1644
1646 1657 1660 1661 1664
1666 1671 1676 1678 1680
1686 1692 1693 1698 1700
1709 1712 1717 1733 1734
1735 1740 1742 1751 1756
1757 1765 1766 1770 1774
1778 1784 1787 1788 1789
1792 1799 1803 1814 1817
1821 1825 1826 1831 1833
1839 1850 1855 1865 1868
1869 1873 1876 1881 1885
1886 1890 1891 1893 1897
1902 1906 1910 1914 1915
1918 1921 1937 1946 1955
1962 1964 1973 1974 1975
1976 1979 1990 1991 1992
1995 1996 2012 2015 2022
2024 2026 2036 2044 2046
2050 2055 2056 2059 2071
2072 2074 2083 2084 2088
2092 2100 2101 2110 2112
2114 2118 2119 2122 2131
2133 2134 2137 2138 2139
2140 2147 2148 2152 2153
2155 2159 2177 2178 2181
2183 2192 2193 2197 2199
2200 2207 2213 2218 2230
2236 2240 2243 2244 2249
2252 2256 2260 2264 2267
2272 2278 2279 2280 2282
2283 2284 2295 2303 2306
2317 2322 2339 2340 2346
2347 2353 2357 2360 2367
2371 2372 2378 2379 2381
2383 2385 2389 2394 2400
2402 2405 2408 2419 2422
2426 2428 2429 2430 2435
2436 2438 2439 2448 2455
2456 2457 2458 2460 2468
2478 2481 2482 2490 2491
2497 2500 2502 2504 2512
2515 2518 2520 2521 2522
2525 2526 2531 2540 2544
2548 2549 2557 2558 2564
2565 2567 2569 2571 2572
2581 2587 2589 2602 2616
2618 2622 2626 2635 2637
2649 2654 2656 2657 2661
2662 2663 2665 2666 2670
2672 2673 2679 2682 2683
2688 2710 2713 2722 2728
2729 2730 2731 2734 2738
2740 2749 2751 2752 2755
2756 2758 2760 2767 2771
2776 2779 2780 2783 2785
2789 2790 2791 2792 2796
2797 2799 2801 2809 2815
2817 2819 2825 2831 2832
2837 2846 2847 2850 2855
2861 2875 2879 2882 2891
2904 2905 2909 2910 2912
2913 2915 2920 2935 2940
2949 2951 2952 2953 2956
2957 2959 2962 2970 2982
2983 2987 2990 2991 2992
2993 2994 2996 2998 3015
3016 3018 3020 3023 3024
3034 3035 3042 3043 3044
3051 3055 3056 3066 3071
3073 3087 3091 3093 3095
3103 3104 3107 3113 3119
3127 3129 3133 3136 3137
3138 3141 3145 3147 3149
3157 3161 3164 3165 3171
3172 3173 3175 3176 3187
3202 3205 3207 3208 3212
3213 3220 3226 3228 3230
3236 3237 3240 3242 3251
3252 3260 3263 3265 3269
3270 3274 3280 3285 3290
3297 3302 3306 3309 3314
3315 3326 3328 3332 3336
3343 3346 3349 3354 3365
3372 3376 3379 3382 3385
3391 3397 3402 3407 3409
3410 3421 3431 3435 3438
3439 3440 3443 3453 3459
3464 3465 3466 3471 3475
3477 3484 3488 3492 3493
3495 3498 3502 3514 3519
3524 3538 3540 3542 3544
3549 3551 3556 3559 3567
3569 3571 3572 3573 3574
3575 3586 3587 3591 3596
3605 3611 3616 3619 3625
3631 3633 3644 3651 3652
3661 3662 3668 3677 3679
3684 3685 3688 3701 3703
3707 3710 3711 3716 3719
3721 3722 3723 3732 3735
3740 3741 3744 3746 3765
3770 3777 3783 3786 3787
3788 3789 3799 3802 3806
3809 3810 3812 3814 3816
3819 3820 3827 3833 3836
3837 3840 3841 3853 3858
3859 3861 3866 3871 3876
3893 3895 3898 3901 3906
3919 3925 3926 3929 3931
3935 3941
