2 3 4 5 6
8 11 13 15 19
20 22 24 26 28
29 32 33 34 35
37 40 41 44 47
51 52 54 55 56
57 58 62 63 64
65 66 68 71 72
73 74 75 76 77
80 81 83 84 85
86 88 89 90 92
93 94 95 96 99
104 105 106 109 111
112 113 114 115 118
119 120 122 124 129
131 132 134 135 136
139 140 141 142 143
145 146 149 150 152
153 154 155 156 157
158 159 160 161 162
164 165 166 169 171
172 173 174 175 176
177 178 179 182 184
185 187 189 190 192
193 194 195 196 198
199 200 201 202 203
205 206 208 209 213
214 216 217 218 220
222 224 225 228 229
230 231 232 233 234
235 236 237 238 240
241 242 243 244 246
249 250 256 257 260
261 262 263 267 268
269 270 271 273 275
276 277 278 279 281
282 283 284 287 288
290 293 294 295 296
297 298 299 300 303
304 307 308 314 315
316 317 322 323 325
326 327 328 329 330
331 332 334 337 338
339 340 342 344 346
347 349 352 353 354
357 359 361 362 363
364 366 368 369 370
373 374 376 378 379
380 381 382 383 385
386 387 388 390 391
392 393 394 397 398
399 401 403 404 406
409 410 411 412 413
414 415 418 419 420
421 424 425 426 427
428 430 431 433 434
435 437 438 439 440
441 442 443 444 446
447 449 450 451 453
454 455 456 458 459
460 463 464 465 466
469 472 474 476 477
480 481 482 483 484
485 486 487 490 491
492 493 494 497 499
500 502 505 507 508
511 513 515 516 517
519 520 521 523 524
525 527 529 530 531
533 534 535 537 538
540 541 542 544 545
546 547 549 551 552
553 554 555 557 559
560 561 562 563 565
567 568 569 570 574
578 579 580 581 582
584 585 586 587 588
589 594 595 598 599
600 603 604 606 607
608 609 610 611 612
613 614 615 617 618
619 620 621 622 625
626 627 628 631 632
633 634 635 637 642
644 646 647 648 649
650 651 653 655 656
657 658 661 663 664
665 666 667 668 669
670 671 672 673 675
676 678 680 681 685
686 690 694 695 698
699 701 702 703 704
707 708 709 710 711
712 714 716 717 718
719 723 724 725 728
729 730 733 735 737
738 740 741 742 743
746 747 750 751 754
755 756 757 758 762
763 765 766 768 772
774 776 777 778 781
782 784 786 787 788
789 790 791 792 795
796 797 798 799 801
802 803 804 805 807
808 810 811 813 814
815 816 819 823 824
828 829 830 831 832
833 834 835 838 839
840 841 842 843 844
848 849 850 851 852
855 856 858 860 862
865 866 867 868 870
872 873 874 876 877
878 879 880 881 882
884 885 886 888 890
891 892 893 895 897
899 901 903 904 905
907 908 909 910 911
913 916 919 920 922
923 924 925 926 927
928 930 931 933 934
935 936 937 938 939
940 941 945 948 949
950 952 953 954 955
956 957 959 960 961
963 965 967 968 970
971 972 974 975 976
978 979 980 982 989
990 993 995 996 997
999 1002 1004 1005 1007
1009 1010 1011 1015 1016
1017 1019 1020 1023 1024
1025 1026 1028 1029 1030
1032 1033 1034 1035 1037
1038 1039 1040 1041 1042
1044 1045 1048 1049 1051
1053 1054 1055 1056 1057
1060 1061 1062 1064 1065
1066 1068 1069 1070 1071
1072 1074 1075 1076 1077
1078 1079 1081 1082 1084
1085 1086 1087 1089 1090
1093 1094 1095 1097 1098
1099 1100 1102 1103 1105
1107 1108 1109 1110 1111
1114 1115 1116 1117 1118
1119 1120 1121 1122 1123
1125 1126 1127 1129 1130
1131 1135 1136 1138 1139
1140 1141 1142 1143 1145
1146 1147 1149 1150 1151
1152 1153 1155 1157 1159
1162 1163 1164 1165 1166
1167 1169 1170 1171 1172
1173 1174 1175 1176 1178
1179 1180 1183 1184 1185
1187 1189 1191 1192 1193
1194 1195 1197 1198 1200
1201 1202 1203 1204 1206
1207 1208 1210 1212 1213
1214 1215 1218 1219 1220
1221 1223 1224 1225 1226
1227 1228 1229 1230 1231
1237 1238 1239 1240 1241
1243 1244 1247 1248 1249
1251 1252 1254 1255 1256
1257 1258 1259 1260 1261
1262 1263 1264 1265 1267
1268 1269 1270 1271 1272
1274 1275 1276 1277 1278
1279 1282 1285 1286 1287
1290 1292 1293 1294 1295
1297 1298 1300 1301 1303
1304 1305 1307 1308 1309
1310 1311 1313 1314 1316
1318 1319 1320 1321 1322
1323 1326 1328 1329 1330
1334 1337 1339 1342 1343
1344 1346 1347 1348 1349
1350 1351 1352 1353 1354
1355 1356 1357 1359 1360
1361 1362 1364 1365 1366
1367 1368 1369 1370 1371
1372 1373 1374 1377 1379
1380 1382 1383 1385 1386
1388 1389 1391 1392 1393
1394 1395 1397 1399 1401
1402 1403 1404 1407 1411
1415 1416 1418 1420 1422
1424 1427 1428 1429 1430
1431 1434 1436 1437 1439
1440 1442 1444 1447 1448
1451 1452 1453 1455 1456
1457 1458 1459 1461 1462
1463 1464 1465 1466 1467
1469 1470 1471 1473 1474
1475 1476 1477 1478 1479
1480 1481 1482 1483 1484
1486 1487 1489 1490 1491
1492 1493 1494 1495 1496
1497 1498 1499 1500 1502
1503 1506 1507 1508 1509
1510 1511 1512 1513 1514
1515 1516 1517 1518 1519
1520 1521 1522 1523 1524
1525 1529 1531 1532 1534
1535 1536 1539 1541 1542
1543 1544 1545 1546 1547
1548 1549 1550 1553 1554
1555 1556 1558 1559 1560
1561 1564 1567 1571 1573
1577 1578 1579 1582 1583
1584 1586 1587 1589 1590
1591 1592 1594 1597 1599
1601 1603 1605 1607 1608
1609 1610 1612 1613 1614
1615 1616 1617 1618 1619
1620 1623 1624 1625 1627
1629 1630 1632 1633 1634
1635 1637 1639 1640 1641
1642 1643 1644 1645 1648
1650 1652 1655 1658 1662
1663 1664 1666 1667 1669
1670 1671 1672 1673 1674
1675 1677 1678 1681 1682
1683 1684 1687 1688 1689
1693 1694 1695 1697 1698
1700 1701 1702 1703 1706
1708 1709 1710 1711 1714
1715 1717 1718 1719 1720
1721 1722 1724 1725 1726
1728 1729 1730 1732 1736
1738 1739 1741 1742 1745
1746 1749 1751 1752 1753
1754 1755 1756 1757 1759
1760 1762 1763 1764 1768
1769 1770 1772 1773 1774
1776 1777 1778 1779 1780
1781 1783 1784 1785 1787
1788 1790 1791 1795 1797
1801 1802 1803 1804 1806
1807 1809 1810 1811 1812
1813 1816 1818 1821 1823
1824 1825 1826 1828 1829
1830 1831 1832 1834 1835
1837 1838 1839 1841 1843
1844 1845 1846 1848 1849
1850 1853 1855 1856 1858
1860 1861 1862 1863 1864
1866 1867 1868 1869 1870
1871 1875 1876 1877 1879
1881 1882 1884 1885 1886
1892 1893 1894 1895 1896
1897 1899 1900 1901 1902
1903 1904 1905 1908 1909
1911 1912 1913 1914 1918
1919 1920 1921 1922 1924
1925 1926 1928 1929 1931
1932 1935 1936 1937 1938
1939 1941 1942 1943 1944
1945 1946 1947 1948 1949
1951 1952 1954 1956 1957
1958 1959 1960 1962 1964
1965 1966 1967 1968 1972
1973 1974 1975 1976 1977
1978 1979 1980 1984 1986
1988 1989 1990 1991 1993
1995 1996 1997 2000 2001
2002 2003 2005 2006 2007
2008 2009 2010 2012 2013
2014 2015 2017 2019 2023
2024 2025 2026 2027 2029
2030 2032 2033 2034 2036
2038 2040 2042 2045 2046
2047 2050 2052 2055 2056
2057 2060 2061 2063 2064
2065 2067 2069 2070 2072
2073 2074 2075 2077 2078
2081 2082 2083 2084 2086
2087 2089 2090 2092 2096
2097 2098 2099 2104 2108
2109 2111 2112 2113 2115
2116 2117 2118 2119 2121
2123 2124 2125 2127 2129
2132 2133 2134 2138 2139
2140 2143 2144 2145 2146
2147 2148 2151 2155 2157
2158 2160 2161 2165 2167
2168 2169 2170 2171 2173
2174 2176 2177 2178 2179
2181 2182 2183 2184 2185
2186 2187 2188 2189 2191
2192 2193 2194 2195 2196
2197 2198 2200 2201 2202
2203 2204 2205 2206 2207
2208 2209 2210 2211 2212
2213 2214 2215 2217 2218
2219 2221 2222 2223 2224
2225 2226 2227 2229 2232
2233 2235 2237 2238 2239
2240 2241 2244 2246 2248
2249 2250 2251 2252 2253
2254 2256 2257 2258 2260
2264 2265 2267 2270 2271
2273 2274 2276 2280 2281
2282 2286 2287 2288 2291
2292 2293 2294 2296 2298
2299 2300 2301 2304 2308
2310 2311 2312 2313 2314
2316 2317 2318 2319 2320
2321 2322 2325 2326 2327
2328 2329 2332 2334 2335
2336 2337 2338 2341 2343
2345 2346 2347 2349 2351
2352 2355 2358 2359 2360
2362 2363 2365 2366 2368
2369 2371 2372 2373 2375
2376 2377 2379 2381 2382
2383 2384 2387 2388 2389
2392 2393 2395 2396 2397
2398 2399 2400 2402 2404
2408 2409 2410 2412 2413
2414 2415 2417 2418 2421
2422 2423 2425 2426 2427
2428 2429 2430 2431 2432
2435 2436 2437 2440 2442
2443 2444 2445 2447 2448
2449 2450 2451 2454 2455
2456 2457 2458 2459 2462
2463 2465 2466 2467 2468
2470 2472 2473 2474 2475
2479 2483 2484 2485 2487
2488 2489 2490 2491 2492
2493 2495 2496 2500 2502
2503 2504 2506 2507 2508
2509 2510 2511 2513 2515
2516 2517 2520 2521 2522
2523 2529 2532 2536 2537
2540 2541 2542 2544 2545
2546 2547 2548 2549 2551
2552 2556 2559 2560 2562
2563 2566 2567 2568 2569
2570 2571 2572 2573 2575
2576 2580 2582 2583 2588
2589 2590 2591 2592 2593
2594 2595 2596 2598 2601
2602 2603 2605 2608 2609
2610 2611 2616 2618 2619
2620 2621 2624 2625 2626
2627 2628 2629 2631 2633
2634 2635 2637 2638 2639
2641 2642 2643 2644 2645
2646 2648 2650 2651 2652
2653 2654 2655 2656 2658
2659 2661 2662 2663 2664
2666 2669 2670 2671 2672
2673 2674 2675 2676 2677
2678 2679 2680 2681 2682
2683 2684 2686 2687 2688
2693 2694 2695 2696 2697
2699 2702 2703 2704 2705
2706 2707 2708 2712 2713
2714 2715 2716 2717 2718
2720 2721 2722 2723 2724
2725 2727 2728 2731 2732
2733 2734 2735 2737 2739
2740 2741 2742 2746 2747
2748 2750 2751 2752 2755
2756 2757 2758 2762 2763
2764 2765 2767 2768 2769
2770 2771 2772 2773 2774
2776 2777 2778 2779 2781
2782 2783 2784 2786 2792
2793 2798 2800 2802 2804
2806 2807 2811 2812 2815
2817 2818 2819 2820 2825
2826 2828 2830 2831 2832
2833 2834 2835 2836 2838
2839 2840 2841 2842 2844
2847 2848 2852 2853 2854
2855 2856 2857 2858 2859
2860 2862 2863 2864 2865
2866 2867 2875 2876 2880
2881 2883 2886 2887 2890
2891 2894 2896 2897 2898
2900 2903 2905 2906 2907
2908 2909 2911 2912 2913
2914 2915 2916 2917 2919
2920 2921 2922 2924 2925
2927 2928 2929 2930 2931
2932 2934 2937 2938 2939
2942 2943 2945 2947 2951
2952 2953 2954 2955 2956
2958 2959 2961 2962 2963
